spawns:
  default:
    world: 9899c508-2692-4f86-9dd2-4bb35b9c4ea1
    world-name: world_spawn
    x: 0.4912518612678629
    y: 65.0
    z: 0.4828915750513629
    yaw: -270.17181396484375
    pitch: -1.3501895666122437
