world: fdf0520e-9068-4c18-8546-a8d0e73f76f9
world-name: world_nether
x: -71.53467356583586
y: 99.0
z: -118.50830627452406
yaw: -268.1568603515625
pitch: -1.7999956607818604
name: ad
lastowner: 89a96193-8ef1-3edc-8f83-63f50ea63741
