world: 664969dc-70f0-4c47-af16-471090688f7b
world-name: world_spawn
x: -23.55199051503284
y: 63.0
z: 0.4998730590751901
yaw: -270.78204345703125
pitch: -2.112943649291992
name: afk
lastowner: 2fb2db54-95eb-3c4d-8344-070e4cf587a9
