world: 664969dc-70f0-4c47-af16-471090688f7b
world-name: world_spawn
x: -32.5
y: 62.0
z: 8.5
yaw: -269.4051513671875
pitch: 0.4533061683177948
name: auc
lastowner: 2fb2db54-95eb-3c4d-8344-070e4cf587a9
