world: 664969dc-70f0-4c47-af16-471090688f7b
world-name: world_spawn
x: -26.5
y: 63.0
z: -11.5
yaw: -210.8252410888672
pitch: 7.4705810546875
name: case
lastowner: 2fb2db54-95eb-3c4d-8344-070e4cf587a9
