world: 664969dc-70f0-4c47-af16-471090688f7b
world-name: world_spawn
x: -121.30149862264861
y: 63.0
z: -6.507206297713557
yaw: 90.12542724609375
pitch: -4.199799537658691
name: casino
lastowner: 89a96193-8ef1-3edc-8f83-63f50ea63741
