world: 65aadfe6-7ba4-436d-aa34-12ac1d742dcf
world-name: world_spawn
x: 0.3838647253040839
y: 66.0
z: 41.77154978598826
yaw: -1.389312744140625
pitch: 1.3685956001281738
name: coliseum
lastowner: 2fb2db54-95eb-3c4d-8344-070e4cf587a9
