world: d4188512-f487-47c6-8c21-8d4a2900dd0e
world-name: world_the_end
x: -37.652728538013
y: 58.0
z: 72.45399159723178
yaw: -91.94976806640625
pitch: -7.800131797790527
name: end
lastowner: 89a96193-8ef1-3edc-8f83-63f50ea63741
