world: 664969dc-70f0-4c47-af16-471090688f7b
world-name: world_spawn
x: -91.101468938983
y: 61.0
z: -71.62456048551863
yaw: -217.31930541992188
pitch: 0.30075663328170776
name: farm
lastowner: 2fb2db54-95eb-3c4d-8344-070e4cf587a9
