world: 664969dc-70f0-4c47-af16-471090688f7b
world-name: world_spawn
x: -31.681031274470346
y: 43.0
z: -72.87112494258169
yaw: 264.4251708984375
pitch: 0.3001896142959595
name: fish
lastowner: 89a96193-8ef1-3edc-8f83-63f50ea63741
