world: 65aadfe6-7ba4-436d-aa34-12ac1d742dcf
world-name: world_spawn
x: -74.56157094511603
y: 59.0
z: 72.50197512340733
yaw: -48.05189514160156
pitch: 4.290702819824219
name: les
lastowner: b775eef4-2064-39d4-8edd-7e11761fada0
