world: 664969dc-70f0-4c47-af16-471090688f7b
world-name: world_spawn
x: -123.5
y: 51.5
z: 46.5
yaw: -315.4053649902344
pitch: 9.301185607910156
name: mine
lastowner: 2fb2db54-95eb-3c4d-8344-070e4cf587a9
