world: 664969dc-70f0-4c47-af16-471090688f7b
world-name: world_spawn
x: 76.37781824996615
y: 38.0625
z: 0.511640765980916
yaw: -90.1716079711914
pitch: -0.6145405769348145
name: pvp
lastowner: 2fb2db54-95eb-3c4d-8344-070e4cf587a9
